{
    "precision": 0.8092428711897739,
    "recall": 0.5238701464035647,
    "fbeta": 0.6360123647604328
}