{
    "precision": 0.8297872340425532,
    "recall": 0.4468491406747295,
    "fbeta": 0.5808853951179147
}