{
    "precision": 0.7823408624229979,
    "recall": 0.48504137492043287,
    "fbeta": 0.5988212180746563
}